24
25
1 0 -1698104242 0 0
1 0 -1698104242 0 0
2 1 969268470 0 0
2 1 969268470 2 0
2 1 969268470 2 0
3 2 -1228067315 0 0
2 1 969268470 2 6
2 1 969268470 2 9
3 2 -1228067315 0 0
4 3 -786299903 0 0
2 1 969268470 2 12
4 3 -786299903 9 0
2 1 969268470 2 15
4 3 -786299903 0 0
3 2 -1228067315 0 0
2 1 969268470 2 0
3 2 -1228067315 0 0
2 1 969268470 2 14
2 1 969268470 0 14
1 0 -1698104242 0 0
2 1 969268470 0 22
4 3 -786299903 0 0
5 4 -1130193364 0 0
2 1 969268470 0 25
4 3 -786299903 0 23
5
10
20
30
40
50
1
11
